1555442429.318240	29.000000
1555442429.418205	29.000000
1555442429.518160	29.000000
1555442429.618164	29.000000
1555442429.718247	29.000000
1555442429.818136	29.000000
1555442429.918213	29.000000
1555442430.018264	29.000000
1555442430.118242	29.000000
1555442430.218151	29.000000
1555442430.318134	29.000000
1555442430.418137	29.000000
1555442430.518164	29.000000
1555442430.618220	29.000000
1555442430.718187	29.000000
1555442430.818175	29.000000
1555442430.918137	29.000000
1555442431.018167	29.000000
1555442431.118136	29.000000
1555442431.218173	29.000000
1555442431.318177	29.000000
1555442431.418220	29.000000
1555442431.518258	29.000000
1555442431.618198	29.000000
1555442431.718247	29.000000
1555442431.818194	29.000000
1555442431.918079	29.000000
1555442432.018108	29.000000
1555442432.118119	29.000000
1555442432.218107	29.000000
1555442432.318116	29.000000
1555442432.418136	29.000000
1555442432.518141	29.000000
1555442432.618167	29.000000
1555442432.718203	29.000000
1555442432.818178	29.000000
1555442432.918115	29.000000
1555442433.018038	29.000000
1555442433.118125	29.000000
1555442433.218085	29.000000
1555442433.318092	29.000000
1555442433.418095	29.000000
1555442433.518126	29.000000
1555442433.618192	29.000000
1555442433.718063	29.000000
1555442433.818088	29.000000
1555442433.918086	29.000000
1555442434.018080	29.000000
1555442434.118059	29.000000
1555442434.218136	29.000000
1555442434.318150	29.000000
1555442434.418087	29.000000
1555442434.518084	29.000000
1555442434.618061	29.000000
1555442434.718132	29.000000
1555442434.818111	29.000000
1555442434.918189	29.000000
1555442435.018109	29.000000
1555442435.118076	29.000000
1555442435.218046	29.000000
1555442435.318094	29.000000
1555442435.418061	29.000000
1555442435.518120	29.000000
1555442435.618110	29.000000
1555442435.718136	29.000000
1555442435.818038	29.000000
1555442435.918058	29.000000
1555442436.018006	29.000000
1555442436.118051	29.000000
1555442436.218139	29.000000
1555442436.318087	29.000000
1555442436.418060	29.000000
1555442436.518030	29.000000
1555442436.618005	29.000000
1555442436.718058	29.000000
1555442436.818036	29.000000
1555442436.918063	29.000000
1555442437.018050	29.000000
1555442437.118071	29.000000
1555442437.218007	29.000000
1555442437.318008	29.000000
1555442437.418006	29.000000
1555442437.518003	29.000000
1555442437.617955	29.000000
1555442437.718008	29.000000
1555442437.817956	29.000000
1555442437.917928	29.000000
1555442438.017940	29.000000
1555442438.117935	29.000000
1555442438.217982	28.000000
1555442438.318037	28.000000
1555442438.418035	28.000000
1555442438.517949	28.000000
1555442438.617996	28.000000
1555442438.718036	28.000000
1555442438.818020	28.000000
1555442438.917972	28.000000
1555442439.017982	28.000000
1555442439.117959	28.000000
1555442439.217995	28.000000
1555442439.317942	28.000000
1555442439.417910	28.000000
1555442439.517876	28.000000
1555442439.617966	28.000000
1555442439.717981	28.000000
1555442439.817981	28.000000
1555442439.917959	28.000000
1555442440.017905	28.000000
1555442440.117932	28.000000
1555442440.217823	28.000000
1555442440.317865	28.000000
1555442440.417887	28.000000
1555442440.517993	28.000000
1555442440.617936	28.000000
1555442440.717879	28.000000
1555442440.817873	28.000000
1555442440.917881	28.000000
1555442441.017935	28.000000
1555442441.118010	28.000000
1555442441.217974	28.000000
1555442441.317957	28.000000
1555442441.417879	28.000000
1555442441.517898	28.000000
1555442441.617886	28.000000
1555442441.717904	28.000000
1555442441.817935	28.000000
1555442441.917953	28.000000
1555442442.017899	28.000000
1555442442.117840	28.000000
1555442442.217858	28.000000
1555442442.317853	28.000000
1555442442.417840	28.000000
1555442442.517900	28.000000
1555442442.617853	28.000000
1555442442.717934	28.000000
1555442442.817792	28.000000
1555442442.917847	28.000000
1555442443.017822	28.000000
1555442443.117799	28.000000
1555442443.217824	28.000000
1555442443.317817	28.000000
1555442443.417852	28.000000
1555442443.517821	28.000000
1555442443.617778	28.000000
1555442443.717849	28.000000
1555442443.817776	28.000000
1555442443.917788	28.000000
1555442444.017895	28.000000
1555442444.117798	28.000000
1555442444.217830	28.000000
1555442444.317737	28.000000
1555442444.417772	28.000000
1555442444.517754	28.000000
1555442444.617781	28.000000
1555442444.717825	28.000000
1555442444.817775	28.000000
1555442444.917752	28.000000
1555442445.017784	28.000000
1555442445.117831	28.000000
1555442445.217772	28.000000
1555442445.317822	28.000000
1555442445.417793	28.000000
1555442445.517773	28.000000
1555442445.617782	28.000000
1555442445.717798	28.000000
1555442445.817772	28.000000
1555442445.917774	28.000000
1555442446.017793	28.000000
1555442446.117767	28.000000
1555442446.217781	28.000000
1555442446.317775	28.000000
1555442446.417773	28.000000
1555442446.517778	28.000000
1555442446.617782	28.000000
1555442446.717772	28.000000
1555442446.817771	28.000000
1555442446.917782	28.000000
1555442447.017829	28.000000
1555442447.117779	28.000000
1555442447.217779	28.000000
1555442447.317778	28.000000
1555442447.417781	28.000000
1555442447.517793	28.000000
1555442447.617801	28.000000
1555442447.717703	28.000000
1555442447.817703	28.000000
1555442447.917734	28.000000
1555442448.017703	27.000000
1555442448.117712	27.000000
1555442448.217708	27.000000
1555442448.317780	27.000000
1555442448.417709	27.000000
1555442448.517707	27.000000
1555442448.617713	27.000000
1555442448.717707	27.000000
1555442448.817714	27.000000
1555442448.917709	27.000000
1555442449.017790	27.000000
1555442449.117793	27.000000
1555442449.217730	27.000000
1555442449.317689	27.000000
1555442449.417724	27.000000
1555442449.517785	27.000000
1555442449.617788	27.000000
1555442449.717783	27.000000
1555442449.817780	27.000000
1555442449.917730	27.000000
1555442450.017779	27.000000
1555442450.117773	27.000000
1555442450.217743	27.000000
1555442450.317773	27.000000
1555442450.417725	27.000000
1555442450.517770	27.000000
1555442450.617766	27.000000
1555442450.717769	27.000000
1555442450.817692	27.000000
1555442450.917759	27.000000
1555442451.017773	27.000000
1555442451.117772	27.000000
1555442451.217746	27.000000
1555442451.317690	27.000000
1555442451.417688	27.000000
1555442451.517744	27.000000
1555442451.617692	27.000000
1555442451.717773	27.000000
1555442451.817774	27.000000
1555442451.917691	27.000000
1555442452.017694	27.000000
1555442452.117693	27.000000
1555442452.217690	27.000000
1555442452.317753	27.000000
1555442452.417725	27.000000
1555442452.517769	27.000000
1555442452.617691	27.000000
1555442452.717689	27.000000
1555442452.817694	27.000000
1555442452.917706	27.000000
1555442453.017742	27.000000
1555442453.117770	27.000000
1555442453.217694	27.000000
1555442453.317688	27.000000
1555442453.417694	27.000000
1555442453.517696	27.000000
1555442453.617692	27.000000
1555442453.717691	27.000000
1555442453.817691	27.000000
1555442453.917725	27.000000
1555442454.017699	27.000000
1555442454.117694	27.000000
1555442454.217701	27.000000
1555442454.317693	27.000000
1555442454.417811	27.000000
1555442454.517746	27.000000
1555442454.617694	27.000000
1555442454.717694	27.000000
1555442454.817698	27.000000
1555442454.917695	27.000000
1555442455.017697	27.000000
1555442455.117694	27.000000
1555442455.217698	27.000000
1555442455.317694	27.000000
1555442455.417614	27.000000
1555442455.517751	27.000000
1555442455.617669	27.000000
1555442455.717775	27.000000
1555442455.817764	27.000000
1555442455.917762	27.000000
1555442456.017751	27.000000
1555442456.117671	27.000000
1555442456.217668	27.000000
1555442456.317668	27.000000
1555442456.417615	27.000000
1555442456.517696	27.000000
1555442456.617691	27.000000
1555442456.717669	27.000000
1555442456.817505	27.000000
1555442456.917618	27.000000
1555442457.017753	27.000000
1555442457.117669	27.000000
1555442457.217752	27.000000
1555442457.317698	27.000000
1555442457.417694	27.000000
1555442457.517523	27.000000
1555442457.617609	27.000000
1555442457.717624	27.000000
1555442457.817613	27.000000
1555442457.917613	27.000000
1555442458.017611	27.000000
1555442458.117613	27.000000
1555442458.217535	27.000000
1555442458.317611	26.000000
1555442458.417533	26.000000
1555442458.517533	26.000000
1555442458.617616	26.000000
1555442458.717688	26.000000
1555442458.817614	26.000000
1555442458.917529	26.000000
1555442459.017494	26.000000
1555442459.117498	26.000000
1555442459.217499	26.000000
1555442459.317607	26.000000
1555442459.417613	26.000000
1555442459.517611	26.000000
1555442459.617609	26.000000
1555442459.717525	26.000000
1555442459.817474	26.000000
1555442459.917501	26.000000
1555442460.017504	26.000000
1555442460.117615	26.000000
1555442460.217536	26.000000
1555442460.317490	26.000000
1555442460.417279	26.000000
1555442460.517414	26.000000
1555442460.617281	26.000000
1555442460.717545	26.000000
1555442460.817466	26.000000
1555442460.917546	26.000000
1555442461.017272	26.000000
1555442461.117413	26.000000
1555442461.217344	26.000000
1555442461.317269	26.000000
1555442461.417528	26.000000
1555442461.517615	26.000000
1555442461.617475	26.000000
1555442461.717507	26.000000
1555442461.817337	26.000000
1555442461.917340	26.000000
1555442462.017326	26.000000
1555442462.117509	26.000000
1555442462.217615	26.000000
1555442462.317497	26.000000
1555442462.417298	26.000000
1555442462.517303	26.000000
1555442462.617357	26.000000
1555442462.717394	26.000000
1555442462.817269	26.000000
1555442462.917463	26.000000
1555442463.017328	26.000000
1555442463.117234	26.000000
1555442463.217239	26.000000
1555442463.317242	26.000000
1555442463.417213	26.000000
1555442463.517471	26.000000
1555442463.617274	26.000000
1555442463.717223	26.000000
1555442463.817201	26.000000
1555442463.917205	26.000000
1555442464.017191	26.000000
1555442464.117208	26.000000
1555442464.217226	26.000000
1555442464.317343	26.000000
1555442464.417232	26.000000
1555442464.517181	26.000000
1555442464.617104	26.000000
1555442464.717233	26.000000
1555442464.817228	26.000000
1555442464.917224	26.000000
1555442465.017360	26.000000
1555442465.117315	26.000000
1555442465.217096	26.000000
1555442465.317172	26.000000
1555442465.417168	26.000000
1555442465.517151	26.000000
1555442465.617204	26.000000
1555442465.717277	26.000000
1555442465.817172	26.000000
1555442465.917156	26.000000
1555442466.017073	26.000000
1555442466.117208	26.000000
1555442466.217126	26.000000
1555442466.317199	26.000000
1555442466.417207	26.000000
1555442466.517198	26.000000
1555442466.617103	26.000000
1555442466.717148	26.000000
1555442466.817127	26.000000
1555442466.917104	26.000000
1555442467.017205	26.000000
1555442467.117205	26.000000
1555442467.217131	26.000000
1555442467.317096	26.000000
1555442467.417173	26.000000
1555442467.517100	26.000000
1555442467.617094	26.000000
1555442467.717146	26.000000
1555442467.817146	26.000000
1555442467.917068	26.000000
1555442468.017028	26.000000
1555442468.117083	25.000000
1555442468.217085	25.000000
1555442468.317120	25.000000
1555442468.417017	25.000000
1555442468.517146	25.000000
1555442468.617043	25.000000
1555442468.717152	25.000000
1555442468.817070	25.000000
1555442468.917071	25.000000
1555442469.017043	25.000000
1555442469.117069	25.000000
1555442469.217120	25.000000
1555442469.317079	25.000000
1555442469.417018	25.000000
1555442469.517053	25.000000
1555442469.617010	25.000000
1555442469.717053	25.000000
1555442469.817004	25.000000
1555442469.917034	25.000000
1555442470.017131	25.000000
1555442470.117032	25.000000
1555442470.216985	25.000000
1555442470.316954	25.000000
1555442470.416944	25.000000
1555442470.517023	25.000000
1555442470.617079	25.000000
1555442470.717075	25.000000
1555442470.816992	25.000000
1555442470.916991	25.000000
1555442471.017078	25.000000
1555442471.116984	25.000000
1555442471.217004	25.000000
1555442471.317133	25.000000
1555442471.417055	25.000000
1555442471.516971	25.000000
1555442471.616971	25.000000
1555442471.716944	25.000000
1555442471.816945	25.000000
1555442471.917022	25.000000
1555442472.017044	25.000000
1555442472.117002	25.000000
1555442472.216965	25.000000
1555442472.317051	25.000000
1555442472.417025	25.000000
1555442472.516978	25.000000
1555442472.617130	25.000000
1555442472.717130	25.000000
1555442472.817056	25.000000
1555442472.916960	25.000000
1555442473.016935	25.000000
1555442473.116946	25.000000
1555442473.217002	25.000000
1555442473.317051	25.000000
1555442473.417083	25.000000
1555442473.516973	25.000000
1555442473.617000	25.000000
1555442473.717022	25.000000
1555442473.816985	25.000000
1555442473.916993	25.000000
1555442474.017004	25.000000
1555442474.117050	25.000000
1555442474.216889	25.000000
1555442474.316973	25.000000
1555442474.416944	25.000000
1555442474.516915	25.000000
1555442474.616889	25.000000
1555442474.717011	25.000000
1555442474.816962	25.000000
1555442474.917008	25.000000
1555442475.016915	25.000000
1555442475.116936	25.000000
1555442475.216993	25.000000
1555442475.316918	25.000000
1555442475.416977	25.000000
1555442475.517041	25.000000
1555442475.616963	25.000000
1555442475.716956	25.000000
1555442475.816928	25.000000
1555442475.916937	25.000000
1555442476.016906	25.000000
1555442476.116968	25.000000
1555442476.217014	25.000000
1555442476.316981	25.000000
1555442476.416871	25.000000
1555442476.516897	25.000000
1555442476.616805	25.000000
1555442476.716858	25.000000
1555442476.816779	25.000000
1555442476.916813	24.000000
1555442477.016809	24.000000
1555442477.116845	24.000000
1555442477.216832	24.000000
1555442477.316831	24.000000
1555442477.416791	24.000000
1555442477.516838	24.000000
1555442477.616898	24.000000
1555442477.716858	24.000000
1555442477.816862	24.000000
1555442477.916804	24.000000
1555442478.016782	24.000000
1555442478.116781	24.000000
1555442478.216816	24.000000
1555442478.316884	24.000000
1555442478.416836	24.000000
1555442478.516804	24.000000
1555442478.616765	24.000000
1555442478.716809	24.000000
1555442478.816777	24.000000
1555442478.916804	24.000000
1555442479.016897	24.000000
1555442479.116836	24.000000
1555442479.216734	24.000000
1555442479.316759	24.000000
1555442479.416707	24.000000
1555442479.516755	24.000000
1555442479.616781	24.000000
1555442479.716887	24.000000
1555442479.816783	24.000000
1555442479.916757	24.000000
1555442480.016763	24.000000
1555442480.116757	24.000000
1555442480.216731	24.000000
1555442480.316847	24.000000
1555442480.416885	24.000000
1555442480.516783	24.000000
1555442480.616731	24.000000
1555442480.716764	24.000000
1555442480.816733	24.000000
1555442480.916758	24.000000
1555442481.016761	24.000000
1555442481.116844	24.000000
1555442481.216784	24.000000
1555442481.316737	24.000000
1555442481.416711	24.000000
1555442481.516738	24.000000
1555442481.616710	24.000000
1555442481.716904	24.000000
1555442481.816852	24.000000
1555442481.916796	24.000000
1555442482.016775	24.000000
1555442482.116835	24.000000
1555442482.216790	24.000000
1555442482.316767	24.000000
1555442482.416785	24.000000
1555442482.516787	24.000000
1555442482.616831	24.000000
1555442482.716798	24.000000
1555442482.816767	24.000000
1555442482.916776	24.000000
1555442483.016796	24.000000
1555442483.116777	24.000000
1555442483.216799	24.000000
1555442483.316795	24.000000
1555442483.416780	24.000000
1555442483.516783	24.000000
1555442483.616782	24.000000
1555442483.716774	24.000000
1555442483.816783	24.000000
1555442483.916773	24.000000
1555442484.016787	24.000000
1555442484.116779	24.000000
1555442484.216791	24.000000
1555442484.316828	24.000000
1555442484.416786	24.000000
1555442484.516786	24.000000
1555442484.616792	24.000000
1555442484.716773	24.000000
1555442484.816783	24.000000
1555442484.916829	24.000000
1555442485.016766	24.000000
1555442485.116783	24.000000
1555442485.216789	24.000000
1555442485.316787	24.000000
1555442485.416792	24.000000
1555442485.516780	24.000000
1555442485.616791	24.000000
1555442485.716786	24.000000
1555442485.816784	24.000000
1555442485.916783	24.000000
1555442486.016783	24.000000
1555442486.116838	24.000000
1555442486.216773	24.000000
1555442486.316782	24.000000
1555442486.416775	24.000000
1555442486.516801	24.000000
1555442486.616779	24.000000
1555442486.716783	24.000000
1555442486.816783	24.000000
1555442486.916786	23.000000
1555442487.016722	23.000000
1555442487.116756	23.000000
1555442487.216748	23.000000
1555442487.316695	23.000000
1555442487.416697	23.000000
1555442487.516782	23.000000
1555442487.616696	23.000000
1555442487.716697	23.000000
1555442487.816756	23.000000
1555442487.916729	23.000000
1555442488.016725	23.000000
1555442488.116791	23.000000
1555442488.216784	23.000000
1555442488.316726	23.000000
1555442488.416729	23.000000
1555442488.516709	23.000000
1555442488.616698	23.000000
1555442488.716750	23.000000
1555442488.816728	23.000000
1555442488.916734	23.000000
1555442489.016698	23.000000
1555442489.116699	23.000000
1555442489.216701	23.000000
1555442489.316697	23.000000
1555442489.416702	23.000000
1555442489.516781	23.000000
1555442489.616753	23.000000
1555442489.716697	23.000000
1555442489.816702	23.000000
1555442489.916698	23.000000
1555442490.016700	23.000000
1555442490.116639	23.000000
1555442490.216702	23.000000
1555442490.316697	23.000000
1555442490.416615	23.000000
1555442490.516614	23.000000
1555442490.616755	23.000000
1555442490.716695	23.000000
1555442490.816728	23.000000
1555442490.916697	23.000000
1555442491.016755	23.000000
1555442491.116703	23.000000
1555442491.216671	23.000000
1555442491.316670	23.000000
1555442491.416763	23.000000
1555442491.516746	23.000000
1555442491.616669	23.000000
1555442491.716696	23.000000
1555442491.816619	23.000000
1555442491.916616	23.000000
1555442492.016616	23.000000
1555442492.116751	23.000000
1555442492.216670	23.000000
1555442492.316709	23.000000
1555442492.416753	23.000000
1555442492.516682	23.000000
1555442492.616673	23.000000
1555442492.716678	23.000000
1555442492.816672	23.000000
1555442492.916668	23.000000
1555442493.016750	23.000000
1555442493.116761	23.000000
1555442493.216671	23.000000
1555442493.316666	23.000000
1555442493.416691	23.000000
1555442493.516607	23.000000
1555442493.616503	23.000000
1555442493.716687	23.000000
1555442493.816608	23.000000
1555442493.916609	23.000000
1555442494.016602	23.000000
1555442494.116611	23.000000
1555442494.216519	23.000000
1555442494.316607	23.000000
1555442494.416606	23.000000
1555442494.516606	22.000000
1555442494.616513	22.000000
1555442494.716689	22.000000
1555442494.816491	22.000000
1555442494.916525	22.000000
1555442495.016473	22.000000
1555442495.116440	22.000000
1555442495.216442	22.000000
1555442495.316414	22.000000
1555442495.416255	22.000000
1555442495.516457	22.000000
1555442495.616257	22.000000
1555442495.716550	22.000000
1555442495.816550	22.000000
1555442495.916549	22.000000
1555442496.016550	22.000000
1555442496.116433	22.000000
1555442496.216230	22.000000
1555442496.316317	22.000000
1555442496.416240	22.000000
1555442496.516440	22.000000
1555442496.616550	22.000000
1555442496.716263	22.000000
1555442496.816233	22.000000
1555442496.916286	22.000000
1555442497.016345	22.000000
1555442497.116328	22.000000
1555442497.216328	22.000000
1555442497.316535	22.000000
1555442497.416278	22.000000
1555442497.516276	22.000000
1555442497.616251	22.000000
1555442497.716489	22.000000
1555442497.816326	22.000000
1555442497.916524	22.000000
1555442498.016507	22.000000
1555442498.116382	22.000000
1555442498.216326	22.000000
1555442498.316282	22.000000
1555442498.416302	22.000000
1555442498.516334	22.000000
1555442498.616532	22.000000
1555442498.716507	22.000000
1555442498.816280	22.000000
1555442498.916300	22.000000
1555442499.016274	22.000000
1555442499.116289	22.000000
1555442499.216280	22.000000
1555442499.316331	22.000000
1555442499.416358	22.000000
1555442499.516296	22.000000
1555442499.616275	22.000000
1555442499.716305	22.000000
1555442499.816274	22.000000
1555442499.916341	22.000000
1555442500.016302	22.000000
1555442500.116328	22.000000
1555442500.216250	22.000000
1555442500.316312	22.000000
1555442500.416306	22.000000
1555442500.516308	22.000000
1555442500.616293	22.000000
1555442500.716382	22.000000
1555442500.816328	22.000000
1555442500.916306	22.000000
1555442501.016275	22.000000
1555442501.116280	22.000000
1555442501.216281	22.000000
1555442501.316312	22.000000
1555442501.416304	22.000000
1555442501.516335	22.000000
1555442501.616287	22.000000
1555442501.716228	22.000000
1555442501.816254	22.000000
1555442501.916292	22.000000
1555442502.016261	22.000000
1555442502.116300	22.000000
1555442502.216330	22.000000
1555442502.316299	22.000000
1555442502.416227	22.000000
1555442502.516330	22.000000
1555442502.616238	22.000000
1555442502.716292	22.000000
1555442502.816275	22.000000
1555442502.916311	22.000000
1555442503.016192	22.000000
1555442503.116241	22.000000
1555442503.216205	22.000000
1555442503.316236	22.000000
1555442503.416224	21.000000
1555442503.516255	21.000000
1555442503.616257	21.000000
1555442503.716233	21.000000
1555442503.816202	21.000000
1555442503.916208	21.000000
1555442504.016155	21.000000
1555442504.116159	21.000000
1555442504.216197	21.000000
1555442504.316238	21.000000
1555442504.416189	21.000000
1555442504.516163	21.000000
1555442504.616163	21.000000
1555442504.716174	21.000000
1555442504.816143	21.000000
1555442504.916209	21.000000
1555442505.016243	21.000000
1555442505.116222	21.000000
1555442505.216123	21.000000
1555442505.316116	21.000000
1555442505.416107	21.000000
1555442505.516128	21.000000
1555442505.616143	21.000000
1555442505.716197	21.000000
1555442505.816142	21.000000
1555442505.916112	21.000000
1555442506.016084	21.000000
1555442506.116166	21.000000
1555442506.216092	21.000000
1555442506.316154	21.000000
1555442506.416178	21.000000
1555442506.516144	21.000000
1555442506.616068	21.000000
1555442506.716117	21.000000
1555442506.816066	21.000000
1555442506.916081	21.000000
1555442507.016101	21.000000
1555442507.116040	21.000000
1555442507.216043	21.000000
1555442507.316014	21.000000
1555442507.416042	21.000000
1555442507.516049	21.000000
1555442507.616067	21.000000
1555442507.716197	21.000000
1555442507.816125	21.000000
1555442507.916085	21.000000
1555442508.016034	21.000000
1555442508.116051	21.000000
1555442508.216045	21.000000
1555442508.316104	21.000000
1555442508.416059	21.000000
1555442508.516084	21.000000
1555442508.616113	21.000000
1555442508.716097	21.000000
1555442508.816110	21.000000
1555442508.916075	21.000000
1555442509.016157	21.000000
1555442509.116148	21.000000
1555442509.216133	21.000000
1555442509.316101	21.000000
1555442509.416068	21.000000
1555442509.516061	21.000000
1555442509.616057	21.000000
1555442509.716109	21.000000
1555442509.816094	21.000000
1555442509.916123	21.000000
1555442510.016080	21.000000
1555442510.115953	21.000000
1555442510.215919	21.000000
1555442510.316013	21.000000
1555442510.415889	21.000000
1555442510.515883	21.000000
1555442510.615976	21.000000
1555442510.715973	21.000000
1555442510.815888	21.000000
1555442510.915916	21.000000
1555442511.015887	21.000000
1555442511.115891	21.000000
1555442511.215912	21.000000
1555442511.315953	21.000000
1555442511.415920	21.000000
1555442511.515940	21.000000
1555442511.615940	21.000000
1555442511.715893	21.000000
1555442511.815809	21.000000
1555442511.915833	21.000000
1555442512.015833	21.000000
1555442512.115917	21.000000
1555442512.215846	21.000000
1555442512.315866	21.000000
1555442512.415910	21.000000
1555442512.515927	21.000000
1555442512.615933	21.000000
1555442512.716013	21.000000
1555442512.815926	21.000000
1555442512.915993	21.000000
1555442513.015908	21.000000
1555442513.115890	21.000000
1555442513.215907	21.000000
1555442513.315965	20.000000
1555442513.415970	20.000000
1555442513.515932	20.000000
1555442513.615880	20.000000
1555442513.715897	20.000000
1555442513.815852	20.000000
1555442513.915826	20.000000
1555442514.015826	20.000000
1555442514.115885	20.000000
1555442514.215923	20.000000
1555442514.315856	20.000000
1555442514.415859	20.000000
1555442514.515889	20.000000
1555442514.615856	20.000000
1555442514.715934	20.000000
1555442514.815926	20.000000
1555442514.915885	20.000000
1555442515.015850	20.000000
1555442515.115852	20.000000
1555442515.215824	20.000000
1555442515.315829	20.000000
1555442515.415870	20.000000
1555442515.515962	20.000000
1555442515.615855	20.000000
1555442515.715878	20.000000
1555442515.815820	20.000000
1555442515.915834	20.000000
1555442516.015833	20.000000
1555442516.115854	20.000000
1555442516.215877	20.000000
1555442516.315886	20.000000
1555442516.415800	20.000000
1555442516.515828	20.000000
1555442516.615798	20.000000
1555442516.715832	20.000000
1555442516.815916	20.000000
1555442516.915863	20.000000
1555442517.015832	20.000000
1555442517.115799	20.000000
1555442517.215822	20.000000
1555442517.315780	20.000000
1555442517.415780	20.000000
1555442517.515803	20.000000
1555442517.615804	20.000000
1555442517.715811	20.000000
1555442517.815808	20.000000
1555442517.915774	20.000000
1555442518.015780	20.000000
1555442518.115851	20.000000
1555442518.215784	20.000000
1555442518.315704	20.000000
1555442518.415776	20.000000
1555442518.515777	20.000000
1555442518.615770	20.000000
1555442518.715822	20.000000
1555442518.815779	20.000000
1555442518.915804	20.000000
1555442519.015831	20.000000
1555442519.115801	20.000000
1555442519.215770	20.000000
1555442519.315792	20.000000
1555442519.415779	20.000000
1555442519.515782	20.000000
1555442519.615836	20.000000
1555442519.715802	20.000000
1555442519.815781	20.000000
1555442519.915771	20.000000
1555442520.015703	20.000000
1555442520.115831	20.000000
1555442520.215782	20.000000
1555442520.315778	20.000000
1555442520.415796	20.000000
1555442520.515775	20.000000
1555442520.615792	20.000000
1555442520.715778	20.000000
1555442520.815795	20.000000
1555442520.915788	20.000000
1555442521.015779	20.000000
1555442521.115796	20.000000
1555442521.215775	20.000000
1555442521.315781	20.000000
1555442521.415771	20.000000
1555442521.515770	20.000000
1555442521.615774	20.000000
1555442521.715779	20.000000
1555442521.815797	20.000000
1555442521.915773	20.000000
1555442522.015797	20.000000
